%YR MON  NINO1+2   ANOM   NINO3    ANOM   NINO4    ANOM NINO3.4    ANOM          
1950   1   23.49   -1.00   23.97   -1.64   27.41   -0.73   25.01   -1.50
1950   2   24.56   -1.49   24.51   -1.85   26.77   -1.24   24.92   -1.77
1950   3   25.59   -0.89   26.65   -0.43   27.00   -1.09   26.41   -0.73
1950   4   23.84   -1.62   26.65   -0.76   27.12   -1.28   26.75   -0.94
1950   5   23.41   -0.93   25.91   -1.14   27.72   -0.92   26.30   -1.47
1950   6   21.70   -1.32   25.64   -0.74   27.85   -0.79   26.79   -0.70
1950   7   20.74   -1.11   25.17   -0.41   27.84   -0.73   26.59   -0.48
1950   8   20.52   -0.30   24.51   -0.44   27.54   -0.91   26.11   -0.59
1950   9   19.82   -0.65   24.12   -0.71   27.12   -1.37   25.56   -1.09
1950  10   20.19   -0.72   24.32   -0.57   27.64   -0.77   26.03   -0.57
1950  11   20.46   -1.22   23.80   -1.15   27.13   -1.23   25.42   -1.09
1950  12   21.92   -0.92   24.44   -0.64   27.27   -1.01   25.54   -0.93
1951   1   25.13    0.65   25.10   -0.51   27.34   -0.79   25.47   -1.04
1951   2   25.44   -0.60   26.55    0.20   26.91   -1.09   26.62   -0.07
1951   3   25.90   -0.58   26.58   -0.50   27.29   -0.80   26.44   -0.70
1951   4   25.29   -0.18   27.67    0.27   27.94   -0.47   27.74    0.05
1951   5   24.90    0.57   27.04   -0.02   28.31   -0.33   27.54   -0.22
1951   6   24.56    1.54   26.46    0.09   29.30    0.66   27.53    0.04
1951   7   24.04    2.19   26.54    0.96   28.48   -0.09   27.48    0.41
1951   8   22.43    1.61   25.96    1.01   28.68    0.23   27.44    0.74
1951   9   21.52    1.05   25.45    0.62   28.43   -0.06   27.02    0.38
1951  10   22.20    1.29   25.88    0.99   28.51    0.10   27.40    0.80
1951  11   22.90    1.22   25.96    1.01   28.87    0.51   27.31    0.80
1951  12   23.01    0.18   25.99    0.91   28.36    0.08   27.19    0.72
1952   1   24.47   -0.01   25.91    0.29   28.43    0.29   26.88    0.37
1952   2   26.42    0.38   26.69    0.34   28.14    0.13   27.03    0.34
1952   3   26.51    0.03   26.95   -0.14   27.99   -0.11   26.89   -0.26
1952   4   24.54   -0.92   27.56    0.16   28.66    0.25   28.12    0.43
1952   5   23.69   -0.64   26.64   -0.42   28.66    0.01   27.58   -0.18
1952   6   22.35   -0.67   25.75   -0.62   28.58   -0.06   27.06   -0.43
1952   7   20.74   -1.11   25.12   -0.46   28.17   -0.40   26.82   -0.26
1952   8   19.95   -0.87   24.85   -0.10   28.56    0.11   26.83    0.13
1952   9   20.12   -0.35   24.59   -0.24   28.38   -0.10   26.49   -0.15
1952  10   20.45   -0.46   24.62   -0.27   28.50    0.09   26.70    0.10
1952  11   20.72   -0.96   24.53   -0.42   28.13   -0.23   26.37   -0.15
1952  12   22.53   -0.30   24.45   -0.63   28.16   -0.12   25.99   -0.48
1953   1   24.19   -0.30   25.92    0.30   28.57    0.43   27.02    0.51
1953   2   26.33    0.29   26.81    0.45   28.17    0.16   27.09    0.39
1953   3   27.21    0.73   27.41    0.32   28.06   -0.03   27.41    0.27
1953   4   26.85    1.38   28.23    0.82   28.58    0.17   28.40    0.71
1953   5   25.24    0.90   27.44    0.38   28.49   -0.16   27.90    0.14
1953   6   23.74    0.72   26.90    0.53   28.64    0.00   27.87    0.38
1953   7   22.45    0.60   26.04    0.46   28.89    0.32   27.65    0.58
1953   8   21.68    0.86   25.12    0.17   28.61    0.16   26.82    0.12
1953   9   21.49    1.03   25.69    0.86   28.75    0.26   27.46    0.81
1953  10   21.08    0.17   25.13    0.24   28.35   -0.05   26.91    0.31
1953  11   22.07    0.39   25.28    0.32   28.59    0.23   26.94    0.43
1953  12   22.47   -0.37   25.36    0.27   27.64   -0.64   26.43   -0.05
1954   1   23.06   -1.43   25.77    0.15   28.55    0.41   27.08    0.57
1954   2   25.22   -0.82   26.40    0.04   28.03    0.03   26.95    0.26
1954   3   25.83   -0.65   27.05   -0.03   28.10    0.00   27.36    0.21
1954   4   23.05   -2.41   26.25   -1.15   28.34   -0.07   27.38   -0.30
1954   5   21.79   -2.54   26.02   -1.04   28.58   -0.07   27.46   -0.30
1954   6   21.02   -2.00   25.33   -1.04   28.30   -0.34   27.06   -0.43
1954   7   19.89   -1.96   24.46   -1.12   28.00   -0.58   26.32   -0.76
1954   8   19.78   -1.04   23.73   -1.22   28.02   -0.43   25.65   -1.06
1954   9   19.23   -1.24   23.75   -1.08   27.64   -0.84   25.55   -1.09
1954  10   19.20   -1.71   23.82   -1.07   27.89   -0.52   25.80   -0.80
1954  11   20.47   -1.22   24.06   -0.89   27.31   -1.05   25.65   -0.87
1954  12   21.25   -1.59   24.13   -0.95   27.14   -1.14   25.53   -0.95
1955   1   23.70   -0.78   24.58   -1.03   26.90   -1.24   25.12   -1.39
1955   2   24.64   -1.41   26.26   -0.10   26.88   -1.13   26.27   -0.42
1955   3   25.51   -0.97   26.28   -0.81   27.33   -0.76   26.31   -0.83
1955   4   24.34   -1.12   26.90   -0.51   27.42   -0.99   27.01   -0.67
1955   5   22.53   -1.81   25.58   -1.48   27.75   -0.90   26.66   -1.11
1955   6   21.12   -1.90   25.32   -1.06   28.08   -0.56   26.72   -0.78
1955   7   20.56   -1.29   24.93   -0.66   27.82   -0.75   26.39   -0.69
1955   8   19.75   -1.06   24.19   -0.76   27.54   -0.91   25.92   -0.78
1955   9   19.47   -1.00   23.10   -1.73   27.70   -0.78   25.01   -1.63
1955  10   19.35   -1.56   23.21   -1.67   26.62   -1.78   24.83   -1.77
1955  11   20.00   -1.69   22.70   -2.25   26.86   -1.50   24.34   -2.18
1955  12   21.10   -1.74   23.60   -1.48   27.11   -1.17   25.05   -1.43
1956   1   23.67   -0.82   24.28   -1.33   27.26   -0.88   25.32   -1.19
1956   2   24.78   -1.26   25.94   -0.41   27.27   -0.73   26.18   -0.51
1956   3   25.76   -0.72   26.49   -0.60   27.13   -0.96   26.37   -0.78
1956   4   25.06   -0.40   26.89   -0.51   27.57   -0.83   26.91   -0.77
1956   5   23.30   -1.04   26.65   -0.41   28.25   -0.40   27.63   -0.13
1956   6   22.29   -0.73   26.03   -0.34   28.06   -0.58   27.16   -0.34
1956   7   21.62   -0.23   24.93   -0.65   27.53   -1.04   26.32   -0.76
1956   8   20.66   -0.16   24.22   -0.73   27.72   -0.73   25.98   -0.72
1956   9   19.98   -0.48   23.88   -0.95   27.42   -1.06   25.79   -0.86
1956  10   19.84   -1.08   24.43   -0.46   27.75   -0.66   26.30   -0.30
1956  11   20.86   -0.82   23.90   -1.06   27.92   -0.44   25.63   -0.88
1956  12   21.60   -1.23   24.38   -0.71   28.06   -0.22   26.20   -0.28
1957   1   23.25   -1.24   24.80   -0.81   28.16    0.02   26.16   -0.35
1957   2   26.32    0.28   26.41    0.05   28.42    0.42   26.88    0.19
1957   3   27.47    0.99   27.35    0.26   28.13    0.04   27.37    0.23
1957   4   26.86    1.40   27.93    0.53   28.92    0.52   28.16    0.48
1957   5   26.29    1.95   27.55    0.49   29.20    0.56   28.13    0.37
1957   6   24.92    1.89   27.22    0.85   28.67    0.03   27.91    0.41
1957   7   23.82    1.97   26.59    1.00   28.90    0.33   27.82    0.75
1957   8   22.33    1.51   26.34    1.39   29.02    0.57   27.97    1.27
1957   9   21.88    1.42   25.31    0.48   28.96    0.47   27.00    0.36
1957  10   21.76    0.85   25.60    0.71   28.69    0.28   27.39    0.79
1957  11   22.40    0.72   26.19    1.24   29.17    0.81   27.93    1.42
1957  12   23.75    0.91   26.68    1.60   28.88    0.60   28.08    1.61
1958   1   24.96    0.47   27.09    1.48   29.15    1.01   28.42    1.91
1958   2   26.74    0.70   27.37    1.01   29.37    1.37   28.24    1.55
1958   3   27.07    0.59   27.78    0.69   29.20    1.11   28.36    1.22
1958   4   26.45    0.99   27.73    0.33   29.01    0.61   28.21    0.53
1958   5   25.08    0.74   27.03   -0.03   29.23    0.58   28.11    0.35
1958   6   23.04    0.02   26.60    0.22   29.19    0.55   28.10    0.61
1958   7   22.38    0.53   25.74    0.15   28.94    0.37   27.33    0.26
1958   8   20.56   -0.26   25.09    0.14   28.89    0.44   27.22    0.52
1958   9   20.72    0.25   24.21   -0.62   28.52    0.03   26.13   -0.51
1958  10   20.96    0.05   24.59   -0.30   28.91    0.50   26.70    0.11
1958  11   21.64   -0.04   24.78   -0.17   28.81    0.45   26.71    0.20
1958  12   22.47   -0.36   25.14    0.05   28.94    0.66   27.02    0.54
1959   1   24.09   -0.40   25.50   -0.11   28.96    0.82   27.06    0.55
1959   2   25.68   -0.37   26.43    0.07   28.50    0.50   27.30    0.61
1959   3   27.07    0.59   26.79   -0.29   28.44    0.35   27.24    0.10
1959   4   25.89    0.42   27.58    0.17   28.66    0.25   27.96    0.28
1959   5   24.26   -0.07   26.94   -0.12   29.05    0.40   27.92    0.16
1959   6   22.63   -0.39   26.03   -0.34   28.39   -0.25   27.37   -0.13
1959   7   21.45   -0.40   24.96   -0.63   28.29   -0.28   26.62   -0.46
1959   8   20.34   -0.48   24.32   -0.63   28.29   -0.16   26.33   -0.38
1959   9   20.41   -0.06   24.26   -0.57   28.28   -0.21   26.04   -0.60
1959  10   20.91    0.00   24.72   -0.16   28.49    0.09   26.52   -0.07
1959  11   21.99    0.30   24.77   -0.19   28.18   -0.17   26.40   -0.11
1959  12   22.69   -0.14   24.91   -0.18   28.05   -0.23   26.39   -0.08
1960   1   24.57    0.08   25.53   -0.08   27.71   -0.43   26.49   -0.03
1960   2   25.72   -0.33   25.92   -0.44   27.69   -0.32   26.35   -0.35
1960   3   26.15   -0.33   26.96   -0.13   28.02   -0.08   27.17    0.02
1960   4   24.72   -0.74   27.32   -0.09   28.35   -0.05   27.84    0.15
1960   5   23.76   -0.58   26.62   -0.43   28.39   -0.26   27.65   -0.12
1960   6   22.15   -0.87   25.97   -0.41   28.34   -0.30   27.35   -0.14
1960   7   21.01   -0.84   25.37   -0.22   28.44   -0.13   27.07    0.00
1960   8   20.37   -0.45   24.89   -0.06   28.18   -0.27   26.90    0.19
1960   9   20.54    0.07   24.82   -0.01   28.39   -0.09   26.63   -0.01
1960  10   20.22   -0.69   24.25   -0.64   28.36   -0.05   26.28   -0.32
1960  11   20.91   -0.77   24.12   -0.83   28.37    0.01   26.12   -0.40
1960  12   22.74   -0.10   24.66   -0.43   28.66    0.38   26.31   -0.17
1961   1   24.45   -0.04   25.10   -0.51   28.03   -0.11   26.23   -0.29
1961   2   26.55    0.51   26.42    0.06   27.98   -0.03   26.61   -0.08
1961   3   25.91   -0.57   26.88   -0.21   27.77   -0.32   27.03   -0.11
1961   4   24.97   -0.49   27.55    0.14   28.16   -0.25   27.76    0.08
1961   5   23.71   -0.63   26.92   -0.14   28.49   -0.15   27.84    0.08
1961   6   22.39   -0.64   26.62    0.25   28.60   -0.04   28.05    0.55
1961   7   20.55   -1.30   24.82   -0.76   28.45   -0.13   26.90   -0.18
1961   8   19.96   -0.86   24.27   -0.69   28.24   -0.21   26.45   -0.26
1961   9   19.75   -0.72   23.61   -1.22   28.27   -0.21   25.93   -0.72
1961  10   20.00   -0.92   23.97   -0.92   28.00   -0.40   26.03   -0.57
1961  11   21.07   -0.61   24.36   -0.60   28.24   -0.12   26.16   -0.35
1961  12   22.06   -0.77   24.87   -0.22   28.02   -0.26   26.28   -0.19
1962   1   24.11   -0.38   25.34   -0.27   27.64   -0.50   26.17   -0.34
1962   2   25.55   -0.49   26.11   -0.25   27.64   -0.37   26.36   -0.33
1962   3   24.63   -1.85   26.52   -0.57   27.78   -0.31   26.87   -0.27
1962   4   23.57   -1.89   26.61   -0.80   28.28   -0.13   27.28   -0.40
1962   5   23.48   -0.86   26.25   -0.81   28.27   -0.38   27.24   -0.52
1962   6   21.85   -1.17   25.97   -0.41   28.38   -0.26   27.41   -0.09
1962   7   20.57   -1.28   25.31   -0.28   28.38   -0.19   27.05   -0.03
1962   8   20.37   -0.45   24.94   -0.02   28.23   -0.22   26.81    0.10
1962   9   20.16   -0.31   24.21   -0.62   28.14   -0.34   26.10   -0.54
1962  10   19.92   -0.99   24.27   -0.62   27.94   -0.47   26.17   -0.43
1962  11   20.88   -0.80   24.10   -0.85   28.14   -0.22   25.97   -0.55
1962  12   21.83   -1.01   24.15   -0.93   27.84   -0.44   25.83   -0.65
1963   1   24.11   -0.38   25.05   -0.56   27.39   -0.75   25.88   -0.64
1963   2   25.36   -0.68   25.81   -0.55   27.74   -0.27   26.19   -0.50
1963   3   25.88   -0.60   26.94   -0.14   27.90   -0.19   27.14    0.00
1963   4   24.54   -0.92   27.58    0.18   28.16   -0.24   27.83    0.14
1963   5   24.17   -0.17   26.96   -0.10   28.36   -0.28   27.55   -0.21
1963   6   22.60   -0.42   26.67    0.30   28.29   -0.35   27.61    0.11
1963   7   22.01    0.16   26.43    0.85   29.01    0.44   28.01    0.93
1963   8   21.45    0.64   25.85    0.90   28.81    0.36   27.62    0.92
1963   9   21.15    0.69   25.44    0.61   28.82    0.34   27.42    0.78
1963  10   21.00    0.09   25.55    0.67   29.05    0.65   27.59    0.99
1963  11   21.92    0.24   25.76    0.80   28.70    0.34   27.45    0.94
1963  12   22.83   -0.01   26.05    0.97   28.48    0.20   27.58    1.11
1964   1   24.17   -0.32   26.01    0.40   28.67    0.53   27.42    0.91
1964   2   24.98   -1.06   26.34   -0.02   28.21    0.20   27.14    0.45
1964   3   25.04   -1.44   26.66   -0.43   27.70   -0.40   26.96   -0.18
1964   4   24.53   -0.94   26.42   -0.98   28.24   -0.16   27.07   -0.62
1964   5   21.96   -2.38   25.40   -1.66   28.32   -0.33   26.82   -0.94
1964   6   21.27   -1.75   25.04   -1.33   28.17   -0.48   26.58   -0.91
1964   7   20.43   -1.42   24.88   -0.70   28.18   -0.40   26.53   -0.55
1964   8   19.20   -1.62   23.81   -1.14   27.79   -0.66   26.00   -0.71
1964   9   19.51   -0.96   23.94   -0.89   27.13   -1.36   25.52   -1.12
1964  10   19.96   -0.95   24.12   -0.76   27.58   -0.83   25.83   -0.76
1964  11   20.92   -0.76   23.88   -1.07   27.37   -0.99   25.32   -1.19
1964  12   21.85   -0.99   23.69   -1.39   27.23   -1.05   25.38   -1.09
1965   1   24.19   -0.30   24.80   -0.82   27.52   -0.62   25.82   -0.69
1965   2   25.95   -0.10   26.08   -0.27   27.71   -0.29   26.41   -0.28
1965   3   26.68    0.20   26.97   -0.12   27.82   -0.27   27.15    0.01
1965   4   27.10    1.63   27.68    0.27   28.04   -0.37   27.75    0.07
1965   5   26.04    1.70   27.61    0.55   28.59   -0.05   28.09    0.33
1965   6   24.57    1.54   27.19    0.82   28.98    0.33   28.27    0.78
1965   7   23.34    1.49   26.75    1.16   29.06    0.49   28.23    1.15
1965   8   22.02    1.20   26.20    1.25   29.03    0.58   28.05    1.34
1965   9   21.38    0.92   26.03    1.20   28.92    0.44   27.93    1.29
1965  10   21.67    0.76   26.18    1.29   29.26    0.85   28.16    1.56
1965  11   22.30    0.62   26.39    1.43   29.15    0.80   28.13    1.62
1965  12   23.45    0.61   26.64    1.55   29.10    0.82   28.31    1.84
1966   1   25.27    0.79   26.78    1.17   28.92    0.78   27.82    1.31
1966   2   25.92   -0.13   26.88    0.53   28.74    0.73   27.67    0.98
1966   3   25.41   -1.07   27.11    0.03   29.16    1.07   28.03    0.89
1966   4   24.18   -1.28   27.54    0.13   28.94    0.53   28.39    0.70
1966   5   23.07   -1.27   26.22   -0.84   29.09    0.45   27.66   -0.10
1966   6   21.84   -1.18   26.20   -0.17   28.97    0.33   28.03    0.53
1966   7   20.81   -1.03   25.49   -0.09   28.99    0.42   27.45    0.37
1966   8   20.27   -0.55   24.65   -0.30   28.73    0.28   26.79    0.08
1966   9   19.62   -0.84   24.17   -0.66   28.80    0.32   26.51   -0.13
1966  10   20.64   -0.27   24.50   -0.39   28.71    0.31   26.51   -0.09
1966  11   21.07   -0.61   24.25   -0.71   28.61    0.25   26.29   -0.22
1966  12   22.32   -0.52   24.29   -0.79   28.49    0.21   26.17   -0.30
1967   1   23.77   -0.72   25.13   -0.49   27.74   -0.40   26.15   -0.36
1967   2   25.64   -0.40   26.21   -0.14   27.56   -0.45   26.42   -0.27
1967   3   25.75   -0.73   26.41   -0.67   27.90   -0.20   26.58   -0.57
1967   4   25.23   -0.24   26.53   -0.88   28.34   -0.06   26.87   -0.82
1967   5   23.89   -0.45   26.76   -0.30   28.64   -0.01   27.50   -0.26
1967   6   22.18   -0.84   26.54    0.17   28.55   -0.09   27.74    0.24
1967   7   20.99   -0.86   25.13   -0.45   28.51   -0.07   26.93   -0.15
1967   8   19.73   -1.09   24.24   -0.72   28.36   -0.10   26.48   -0.22
1967   9   19.18   -1.28   23.66   -1.17   28.33   -0.16   26.04   -0.61
1967  10   19.41   -1.50   23.80   -1.09   28.42    0.01   26.09   -0.51
1967  11   20.21   -1.47   23.98   -0.97   28.37    0.01   26.19   -0.33
1967  12   21.30   -1.54   24.22   -0.87   28.36    0.08   26.11   -0.37
1968   1   23.17   -1.31   24.49   -1.12   28.03   -0.11   25.88   -0.63
1968   2   24.79   -1.26   24.91   -1.45   28.15    0.14   25.77   -0.92
1968   3   25.17   -1.31   25.94   -1.15   28.02   -0.08   26.55   -0.60
1968   4   24.09   -1.38   26.70   -0.70   28.36   -0.04   27.28   -0.41
1968   5   22.54   -1.80   26.13   -0.93   28.32   -0.32   27.20   -0.57
1968   6   21.60   -1.42   26.15   -0.22   28.85    0.21   27.60    0.10
1968   7   21.13   -0.72   25.90    0.32   28.51   -0.06   27.47    0.40
1968   8   20.73   -0.09   25.27    0.31   28.71    0.26   27.14    0.44
1968   9   20.86    0.39   24.95    0.12   28.51    0.03   26.69    0.05
1968  10   21.16    0.25   25.11    0.23   28.83    0.42   26.92    0.32
1968  11   21.35   -0.33   25.32    0.37   29.18    0.82   27.36    0.85
1968  12   22.99    0.16   25.73    0.64   29.01    0.73   27.27    0.80
1969   1   24.76    0.27   26.37    0.76   29.34    1.20   27.69    1.18
1969   2   25.55   -0.50   26.74    0.39   29.34    1.33   27.81    1.12
1969   3   26.88    0.40   27.69    0.61   28.87    0.77   27.99    0.84
1969   4   26.42    0.96   27.89    0.49   29.06    0.65   28.17    0.49
1969   5   25.97    1.63   28.02    0.96   29.35    0.71   28.57    0.81
1969   6   24.30    1.28   27.09    0.72   28.98    0.34   28.09    0.60
1969   7   22.24    0.39   25.80    0.22   28.75    0.18   27.28    0.20
1969   8   21.01    0.19   25.50    0.55   28.86    0.41   27.33    0.63
1969   9   20.68    0.21   25.44    0.61   29.05    0.56   27.27    0.63
1969  10   21.80    0.88   25.66    0.77   29.19    0.78   27.44    0.85
1969  11   22.33    0.65   25.73    0.78   28.89    0.53   27.24    0.73
1969  12   23.45    0.61   26.26    1.18   28.80    0.52   27.62    1.15
1970   1   24.92    0.44   26.54    0.92   28.69    0.55   27.39    0.88
1970   2   25.63   -0.42   26.57    0.21   28.55    0.54   27.10    0.41
1970   3   25.57   -0.91   26.93   -0.15   28.31    0.21   27.42    0.28
1970   4   24.48   -0.98   27.46    0.06   28.63    0.22   28.14    0.45
1970   5   23.13   -1.21   26.37   -0.69   28.86    0.21   27.69   -0.07
1970   6   21.33   -1.69   25.37   -1.00   28.57   -0.07   27.10   -0.40
1970   7   19.70   -2.15   23.88   -1.71   28.50   -0.07   26.21   -0.86
1970   8   19.30   -1.52   23.55   -1.40   27.89   -0.56   25.83   -0.88
1970   9   19.49   -0.98   23.57   -1.26   27.72   -0.77   25.58   -1.06
1970  10   20.29   -0.62   23.68   -1.21   27.55   -0.86   25.41   -1.19
1970  11   20.32   -1.36   23.42   -1.54   27.40   -0.96   25.07   -1.44
1970  12   21.79   -1.05   23.40   -1.68   26.86   -1.42   24.64   -1.84
1971   1   23.32   -1.17   24.35   -1.26   26.81   -1.33   25.01   -1.50
1971   2   24.66   -1.38   24.95   -1.41   26.94   -1.07   25.27   -1.42
1971   3   24.91   -1.57   26.17   -0.92   27.15   -0.95   26.11   -1.03
1971   4   25.10   -0.36   26.69   -0.71   27.58   -0.83   26.64   -1.05
1971   5   22.96   -1.37   26.37   -0.68   27.98   -0.66   27.16   -0.60
1971   6   21.86   -1.16   25.71   -0.66   28.12   -0.52   26.93   -0.56
1971   7   21.26   -0.59   25.11   -0.47   27.91   -0.66   26.64   -0.44
1971   8   19.86   -0.96   24.14   -0.81   27.86   -0.59   26.24   -0.46
1971   9   19.79   -0.68   23.94   -0.89   27.64   -0.84   25.88   -0.76
1971  10   20.07   -0.84   23.91   -0.98   27.81   -0.60   25.92   -0.67
1971  11   21.13   -0.56   23.90   -1.05   27.62   -0.74   25.58   -0.94
1971  12   21.96   -0.87   23.94   -1.14   27.74   -0.54   25.61   -0.86
1972   1   24.62    0.14   25.12   -0.49   27.63   -0.51   25.84   -0.67
1972   2   26.81    0.77   26.19   -0.16   28.14    0.13   26.49   -0.20
1972   3   27.31    0.83   26.98   -0.11   28.17    0.07   27.08   -0.06
1972   4   26.35    0.89   27.91    0.51   28.93    0.53   28.08    0.40
1972   5   25.51    1.17   27.66    0.60   29.39    0.75   28.36    0.60
1972   6   24.86    1.84   27.41    1.04   29.22    0.58   28.34    0.85
1972   7   24.07    2.22   27.03    1.45   29.28    0.71   28.17    1.09
1972   8   23.27    2.45   26.87    1.92   28.94    0.49   28.14    1.43
1972   9   22.12    1.65   26.35    1.52   28.96    0.47   27.86    1.22
1972  10   22.56    1.65   26.80    1.91   29.33    0.92   28.38    1.78
1972  11   23.40    1.72   27.12    2.16   29.42    1.06   28.62    2.11
1972  12   24.69    1.85   27.50    2.42   29.19    0.91   28.61    2.14
1973   1   26.33    1.85   27.37    1.76   29.12    0.98   28.25    1.74
1973   2   26.50    0.45   27.39    1.03   28.79    0.79   27.98    1.29
1973   3   26.15   -0.33   27.37    0.28   28.53    0.44   27.82    0.68
1973   4   24.52   -0.94   26.89   -0.52   28.37   -0.04   27.53   -0.15
1973   5   23.47   -0.86   26.12   -0.94   28.70    0.05   27.26   -0.50
1973   6   21.51   -1.51   25.34   -1.04   28.20   -0.44   26.70   -0.80
1973   7   20.75   -1.10   24.39   -1.20   28.12   -0.45   26.04   -1.04
1973   8   19.47   -1.34   23.65   -1.30   27.84   -0.62   25.66   -1.05
1973   9   19.24   -1.22   23.60   -1.23   27.55   -0.93   25.44   -1.20
1973  10   19.68   -1.23   23.57   -1.32   27.25   -1.16   25.25   -1.35
1973  11   20.71   -0.97   23.47   -1.48   27.06   -1.30   24.76   -1.75
1973  12   21.61   -1.22   23.55   -1.54   26.66   -1.62   24.58   -1.90
1974   1   23.32   -1.17   23.97   -1.64   26.61   -1.53   24.58   -1.93
1974   2   24.92   -1.12   25.16   -1.20   26.74   -1.27   25.21   -1.49
1974   3   26.04   -0.44   26.39   -0.70   27.12   -0.98   26.05   -1.10
1974   4   25.29   -0.17   26.83   -0.58   27.52   -0.89   26.90   -0.79
1974   5   24.42    0.08   26.49   -0.57   27.79   -0.86   26.82   -0.94
1974   6   22.68   -0.34   26.15   -0.22   27.97   -0.68   27.18   -0.31
1974   7   21.60   -0.25   25.51   -0.08   27.80   -0.77   26.71   -0.36
1974   8   20.47   -0.35   24.77   -0.18   27.98   -0.47   26.30   -0.40
1974   9   19.91   -0.55   24.35   -0.47   27.72   -0.76   26.19   -0.45
1974  10   20.02   -0.89   24.15   -0.74   27.59   -0.82   25.87   -0.73
1974  11   20.95   -0.73   24.06   -0.90   27.50   -0.86   25.59   -0.93
1974  12   21.41   -1.42   24.24   -0.85   27.63   -0.65   25.78   -0.69
1975   1   23.67   -0.81   25.18   -0.44   27.46   -0.68   26.08   -0.43
1975   2   24.90   -1.15   25.73   -0.63   27.83   -0.18   26.33   -0.36
1975   3   26.17   -0.31   26.57   -0.52   27.54   -0.56   26.59   -0.55
1975   4   25.44   -0.02   27.11   -0.29   27.75   -0.66   27.15   -0.54
1975   5   23.36   -0.98   26.00   -1.06   27.77   -0.88   26.87   -0.89
1975   6   21.71   -1.31   25.24   -1.13   27.53   -1.11   26.41   -1.09
1975   7   20.98   -0.87   24.77   -0.81   27.52   -1.05   26.13   -0.94
1975   8   20.05   -0.77   24.14   -0.81   27.14   -1.31   25.55   -1.15
1975   9   18.80   -1.66   23.69   -1.14   27.04   -1.45   25.31   -1.33
1975  10   19.13   -1.78   23.40   -1.49   26.83   -1.57   25.07   -1.53
1975  11   19.61   -2.07   23.72   -1.23   26.89   -1.47   25.23   -1.28
1975  12   20.94   -1.90   23.38   -1.71   26.62   -1.66   24.82   -1.66
1976   1   23.73   -0.75   23.83   -1.78   26.90   -1.24   24.66   -1.85
1976   2   25.63   -0.42   25.39   -0.97   27.17   -0.84   25.61   -1.08
1976   3   26.21   -0.27   26.49   -0.59   27.54   -0.56   26.49   -0.66
1976   4   25.78    0.32   26.90   -0.50   28.06   -0.34   26.99   -0.69
1976   5   25.33    0.99   26.89   -0.17   28.15   -0.50   27.22   -0.54
1976   6   24.40    1.37   26.88    0.51   28.23   -0.41   27.39   -0.10
1976   7   23.46    1.61   26.23    0.65   28.19   -0.38   27.21    0.13
1976   8   22.19    1.37   25.79    0.84   28.23   -0.22   27.07    0.37
1976   9   21.67    1.21   25.78    0.95   28.35   -0.13   27.20    0.56
1976  10   21.52    0.61   25.84    0.95   28.86    0.45   27.58    0.98
1976  11   22.00    0.32   25.80    0.85   28.92    0.56   27.48    0.96
1976  12   23.69    0.86   25.85    0.77   28.35    0.07   27.21    0.73
1977   1   25.31    0.82   26.47    0.86   28.32    0.18   27.38    0.87
1977   2   25.97   -0.07   26.82    0.46   27.89   -0.12   27.03    0.33
1977   3   26.35   -0.13   27.42    0.33   28.04   -0.06   27.54    0.40
1977   4   25.25   -0.21   27.00   -0.40   28.32   -0.08   27.58   -0.11
1977   5   23.95   -0.39   26.94   -0.11   28.81    0.17   28.03    0.27
1977   6   22.82   -0.20   26.46    0.08   28.79    0.15   27.86    0.36
1977   7   21.75   -0.10   25.50   -0.09   28.98    0.41   27.38    0.30
1977   8   20.28   -0.54   24.57   -0.38   28.73    0.28   26.85    0.14
1977   9   19.85   -0.61   24.70   -0.13   28.95    0.47   26.96    0.32
1977  10   20.98    0.07   25.26    0.37   28.88    0.47   27.30    0.71
1977  11   21.65   -0.03   25.36    0.40   29.11    0.75   27.29    0.77
1977  12   22.49   -0.35   25.34    0.25   28.93    0.65   27.16    0.69
1978   1   24.33   -0.15   25.99    0.37   28.79    0.65   27.34    0.83
1978   2   25.99   -0.06   26.26   -0.10   28.47    0.46   26.93    0.24
1978   3   25.54   -0.94   26.95   -0.14   28.28    0.18   27.36    0.22
1978   4   25.03   -0.44   26.68   -0.73   28.25   -0.16   27.22   -0.46
1978   5   23.47   -0.87   26.23   -0.83   28.86    0.21   27.39   -0.37
1978   6   22.09   -0.93   25.61   -0.76   28.57   -0.07   27.11   -0.38
1978   7   21.11   -0.74   24.93   -0.65   28.43   -0.14   26.68   -0.40
1978   8   20.03   -0.79   24.35   -0.60   28.15   -0.30   26.13   -0.58
1978   9   19.86   -0.61   24.26   -0.57   28.48   -0.01   26.20   -0.44
1978  10   20.35   -0.56   24.58   -0.31   28.23   -0.17   26.41   -0.18
1978  11   21.99    0.31   24.80   -0.15   28.35   -0.01   26.40   -0.11
1978  12   23.30    0.46   25.36    0.27   28.27   -0.01   26.53    0.06
1979   1   24.77    0.28   25.40   -0.21   28.51    0.37   26.50   -0.01
1979   2   25.70   -0.34   26.26   -0.09   28.14    0.13   26.69    0.00
1979   3   26.26   -0.23   27.27    0.19   28.45    0.36   27.60    0.46
1979   4   25.39   -0.07   27.63    0.22   28.50    0.10   27.88    0.20
1979   5   24.13   -0.21   27.16    0.11   28.76    0.11   27.81    0.05
1979   6   23.29    0.27   26.75    0.38   28.77    0.13   27.76    0.27
1979   7   22.18    0.33   25.46   -0.12   28.59    0.01   26.84   -0.24
1979   8   21.20    0.39   25.02    0.07   28.39   -0.06   26.69   -0.02
1979   9   21.30    0.83   25.83    1.00   28.71    0.22   27.50    0.86
1979  10   21.61    0.69   25.26    0.37   28.58    0.17   26.87    0.27
1979  11   22.20    0.52   25.25    0.30   28.79    0.43   26.88    0.37
1979  12   23.25    0.41   25.48    0.40   28.81    0.53   27.04    0.56
1980   1   24.77    0.29   26.06    0.45   28.80    0.66   27.13    0.62
1980   2   25.77   -0.27   26.54    0.18   28.76    0.75   27.18    0.49
1980   3   26.61    0.13   26.92   -0.17   28.66    0.56   27.28    0.13
1980   4   25.80    0.34   27.38   -0.03   28.83    0.42   27.86    0.17
1980   5   24.54    0.21   27.13    0.07   29.05    0.40   27.96    0.20
1980   6   23.27    0.25   26.87    0.50   28.99    0.35   28.12    0.62
1980   7   21.52   -0.33   25.58    0.00   28.82    0.25   27.32    0.25
1980   8   20.77   -0.05   24.70   -0.26   28.41   -0.04   26.59   -0.11
1980   9   20.66    0.19   24.95    0.12   28.54    0.05   26.60   -0.05
1980  10   20.36   -0.55   24.66   -0.23   28.56    0.15   26.51   -0.09
1980  11   21.56   -0.12   25.12    0.16   28.61    0.25   26.60    0.09
1980  12   22.54   -0.30   25.57    0.48   28.45    0.17   26.91    0.43
1981   1   23.48   -1.01   25.05   -0.56   28.05   -0.09   26.11   -0.40
1981   2   25.21   -0.84   25.60   -0.76   27.90   -0.10   26.16   -0.53
1981   3   26.31   -0.17   26.80   -0.29   28.17    0.08   26.92   -0.23
1981   4   25.03   -0.43   26.94   -0.46   28.11   -0.30   27.28   -0.40
1981   5   24.06   -0.28   26.74   -0.32   28.43   -0.21   27.46   -0.30
1981   6   22.75   -0.28   26.24   -0.14   28.47   -0.18   27.41   -0.08
1981   7   21.38   -0.47   25.08   -0.50   28.21   -0.37   26.65   -0.43
1981   8   20.52   -0.30   24.02   -0.93   28.06   -0.39   26.01   -0.70
1981   9   19.93   -0.54   24.67   -0.16   28.39   -0.09   26.57   -0.08
1981  10   20.55   -0.36   24.92    0.04   28.45    0.04   26.80    0.20
1981  11   21.41   -0.27   24.79   -0.17   28.46    0.10   26.41   -0.10
1981  12   23.00    0.16   25.44    0.36   28.42    0.14   26.58    0.10
1982   1   24.29   -0.14   25.87    0.26   28.30    0.16   26.72    0.21
1982   2   25.49   -0.48   26.38    0.02   28.21    0.21   26.70    0.01
1982   3   25.21   -1.15   26.98   -0.11   28.41    0.32   27.20    0.06
1982   4   24.50   -0.84   27.68    0.28   28.92    0.52   28.02    0.33
1982   5   23.97   -0.27   27.79    0.73   29.49    0.84   28.54    0.77
1982   6   22.89   -0.06   27.46    1.09   29.76    1.12   28.75    1.25
1982   7   22.47    0.67   26.44    0.86   29.38    0.81   28.10    1.02
1982   8   21.75    0.96   26.15    1.20   29.04    0.59   27.93    1.23
1982   9   21.80    1.36   26.52    1.69   29.16    0.68   28.11    1.47
1982  10   22.94    2.06   27.11    2.22   29.38    0.97   28.64    2.05
1982  11   24.59    2.95   27.62    2.66   29.23    0.87   28.81    2.29
1982  12   26.13    3.33   28.39    3.31   29.15    0.87   29.21    2.74
1983   1   27.42    2.99   28.92    3.30   29.00    0.86   29.36    2.85
1983   2   28.09    2.13   28.92    2.56   28.79    0.78   29.13    2.44
1983   3   28.68    2.32   29.10    2.01   28.76    0.66   29.03    1.89
1983   4   28.56    3.22   29.12    1.71   28.85    0.45   28.91    1.22
1983   5   28.19    3.94   28.97    1.91   29.08    0.43   28.89    1.13
1983   6   27.44    4.49   28.15    1.78   28.88    0.24   28.24    0.74
1983   7   25.95    4.15   26.62    1.04   28.65    0.08   27.07   -0.01
1983   8   23.78    3.00   25.87    0.92   28.38   -0.07   26.53   -0.18
1983   9   22.24    1.80   25.24    0.41   28.23   -0.26   26.44   -0.20
1983  10   21.86    0.97   24.61   -0.28   27.75   -0.66   25.87   -0.73
1983  11   21.90    0.26   24.17   -0.79   27.76   -0.60   25.58   -0.93
1983  12   23.01    0.21   24.44   -0.65   27.82   -0.46   25.59   -0.89
1984   1   24.18   -0.25   24.82   -0.79   27.64   -0.50   25.64   -0.87
1984   2   25.18   -0.79   26.22   -0.14   27.25   -0.76   26.39   -0.31
1984   3   26.00   -0.36   27.12    0.03   27.21   -0.89   26.86   -0.28
1984   4   25.16   -0.17   27.34   -0.06   27.70   -0.71   27.39   -0.29
1984   5   23.23   -1.01   26.46   -0.60   27.95   -0.69   27.39   -0.37
1984   6   21.96   -1.00   25.38   -0.99   28.13   -0.51   26.86   -0.64
1984   7   21.24   -0.56   24.96   -0.62   28.35   -0.22   26.74   -0.33
1984   8   20.17   -0.62   24.50   -0.46   28.17   -0.28   26.34   -0.36
1984   9   20.37   -0.07   24.35   -0.48   28.61    0.12   26.43   -0.22
1984  10   20.52   -0.37   23.95   -0.94   28.28   -0.12   25.93   -0.67
1984  11   21.50   -0.14   24.03   -0.92   27.99   -0.37   25.41   -1.10
1984  12   22.58   -0.21   23.70   -1.38   27.44   -0.84   25.00   -1.47
1985   1   23.59   -0.84   24.51   -1.10   27.71   -0.43   25.43   -1.08
1985   2   24.87   -1.10   25.19   -1.16   27.55   -0.46   25.67   -1.02
1985   3   25.74   -0.63   26.11   -0.97   27.38   -0.72   26.23   -0.92
1985   4   24.25   -1.08   26.52   -0.88   27.72   -0.69   26.80   -0.89
1985   5   22.29   -1.95   26.12   -0.94   28.06   -0.58   27.11   -0.65
1985   6   21.75   -1.20   25.60   -0.77   28.08   -0.56   26.86   -0.63
1985   7   20.44   -1.36   24.74   -0.84   28.28   -0.29   26.69   -0.38
1985   8   19.29   -1.50   24.40   -0.55   28.32   -0.13   26.50   -0.20
1985   9   19.44   -1.00   24.15   -0.67   28.33   -0.15   26.25   -0.39
1985  10   19.90   -0.99   24.15   -0.74   28.28   -0.13   26.19   -0.41
1985  11   20.69   -0.95   24.28   -0.67   28.52    0.16   26.19   -0.32
1985  12   22.40   -0.39   24.29   -0.79   28.53    0.25   26.11   -0.37
1986   1   24.61    0.19   24.73   -0.88   28.11   -0.03   25.79   -0.72
1986   2   26.06    0.09   25.81   -0.54   27.93   -0.08   25.94   -0.75
1986   3   25.91   -0.46   26.84   -0.24   27.97   -0.13   26.65   -0.49
1986   4   24.58   -0.76   27.17   -0.23   28.21   -0.20   27.44   -0.25
1986   5   23.38   -0.86   26.68   -0.38   28.58   -0.06   27.50   -0.26
1986   6   21.98   -0.98   26.30   -0.07   28.84    0.20   27.69    0.19
1986   7   21.12   -0.68   25.70    0.12   28.90    0.33   27.37    0.29
1986   8   20.97    0.18   25.02    0.07   29.04    0.58   27.15    0.45
1986   9   20.44    0.00   25.25    0.42   29.18    0.70   27.33    0.69
1986  10   21.07    0.18   25.62    0.73   29.38    0.97   27.57    0.97
1986  11   22.03    0.38   25.92    0.96   29.40    1.04   27.73    1.22
1986  12   23.00    0.21   25.86    0.77   29.19    0.91   27.70    1.23
1987   1   25.30    0.88   26.69    1.07   29.02    0.88   27.91    1.39
1987   2   27.14    1.17   27.42    1.06   28.93    0.92   28.02    1.33
1987   3   28.01    1.65   28.20    1.11   29.04    0.95   28.47    1.32
1987   4   27.17    1.83   28.49    1.09   29.21    0.80   28.80    1.11
1987   5   25.58    1.34   28.22    1.16   29.25    0.60   28.75    0.99
1987   6   24.06    1.11   27.71    1.34   29.53    0.89   29.03    1.53
1987   7   22.78    0.98   27.07    1.49   29.47    0.90   28.80    1.73
1987   8   21.73    0.94   26.52    1.57   29.41    0.96   28.58    1.88
1987   9   21.45    1.00   26.57    1.74   29.51    1.03   28.39    1.75
1987  10   22.39    1.50   26.20    1.32   29.61    1.20   28.07    1.48
1987  11   22.63    0.99   26.13    1.17   29.80    1.44   27.99    1.47
1987  12   23.47    0.67   26.20    1.11   29.44    1.16   27.60    1.13
1988   1   24.64    0.21   26.12    0.51   29.13    0.99   27.32    0.81
1988   2   25.74   -0.23   26.55    0.19   28.69    0.69   27.22    0.53
1988   3   25.78   -0.58   27.14    0.05   28.20    0.11   27.31    0.17
1988   4   24.54   -0.79   26.73   -0.67   28.15   -0.25   27.32   -0.36
1988   5   23.60   -0.64   25.22   -1.84   28.36   -0.29   26.48   -1.28
1988   6   21.27   -1.68   24.46   -1.91   28.13   -0.51   26.11   -1.38
1988   7   20.26   -1.54   23.71   -1.87   27.88   -0.69   25.57   -1.51
1988   8   19.12   -1.67   23.37   -1.58   27.68   -0.77   25.24   -1.46
1988   9   19.19   -1.26   23.61   -1.22   27.63   -0.86   25.43   -1.21
1988  10   19.50   -1.39   23.17   -1.72   27.06   -1.35   24.62   -1.98
1988  11   20.55   -1.10   23.03   -1.93   26.76   -1.60   24.27   -2.24
1988  12   21.80   -0.99   23.07   -2.02   26.75   -1.53   24.33   -2.14
1989   1   24.09   -0.33   24.15   -1.46   26.54   -1.60   24.53   -1.98
1989   2   26.26    0.29   25.61   -0.75   26.55   -1.46   25.33   -1.36
1989   3   26.66    0.30   26.02   -1.07   27.00   -1.09   25.90   -1.24
1989   4   25.63    0.30   26.67   -0.74   27.54   -0.87   26.69   -1.00
1989   5   23.18   -1.06   26.37   -0.68   28.14   -0.50   27.09   -0.67
1989   6   22.00   -0.95   26.08   -0.29   27.94   -0.70   26.98   -0.51
1989   7   21.12   -0.68   25.28   -0.30   28.20   -0.38   26.74   -0.34
1989   8   20.32   -0.47   24.56   -0.39   28.14   -0.31   26.33   -0.37
1989   9   19.87   -0.57   24.45   -0.38   28.25   -0.24   26.25   -0.39
1989  10   20.33   -0.56   24.49   -0.40   28.39   -0.02   26.26   -0.34
1989  11   21.31   -0.34   24.56   -0.40   28.23   -0.13   26.24   -0.28
1989  12   22.19   -0.61   24.71   -0.37   28.52    0.24   26.38   -0.09
1990   1   24.02   -0.41   25.34   -0.27   28.56    0.42   26.55    0.04
1990   2   25.88   -0.09   26.37    0.01   28.62    0.62   26.95    0.26
1990   3   26.16   -0.20   27.03   -0.06   28.78    0.68   27.46    0.32
1990   4   25.22   -0.11   27.67    0.26   28.93    0.52   28.02    0.33
1990   5   24.05   -0.19   27.35    0.29   28.96    0.31   28.06    0.30
1990   6   22.68   -0.27   26.45    0.08   28.94    0.30   27.58    0.09
1990   7   21.00   -0.80   25.45   -0.13   28.98    0.41   27.25    0.18
1990   8   20.25   -0.54   25.06    0.11   29.17    0.72   27.05    0.35
1990   9   20.13   -0.31   24.85    0.02   29.04    0.55   26.75    0.11
1990  10   20.28   -0.61   24.90    0.01   29.23    0.82   26.98    0.38
1990  11   20.84   -0.81   24.82   -0.13   29.06    0.71   26.72    0.21
1990  12   22.45   -0.34   25.08    0.00   29.14    0.86   26.91    0.43
1991   1   23.86   -0.57   25.65    0.03   29.00    0.87   27.01    0.50
1991   2   25.97    0.00   26.27   -0.09   28.73    0.73   26.93    0.24
1991   3   26.51    0.15   26.99   -0.09   28.64    0.54   27.25    0.10
1991   4   24.99   -0.34   27.32   -0.09   29.13    0.72   27.98    0.30
1991   5   24.37    0.13   27.58    0.52   29.42    0.78   28.35    0.59
1991   6   23.05    0.10   27.34    0.97   29.35    0.71   28.36    0.87
1991   7   22.05    0.25   26.57    0.99   29.26    0.69   27.92    0.85
1991   8   21.08    0.29   25.47    0.52   29.25    0.80   27.44    0.73
1991   9   20.75    0.31   25.05    0.22   29.19    0.70   27.07    0.43
1991  10   21.13    0.24   25.60    0.71   29.44    1.03   27.63    1.03
1991  11   22.18    0.54   25.98    1.03   29.45    1.09   27.86    1.34
1991  12   23.43    0.63   26.52    1.44   29.45    1.17   28.37    1.89
1992   1   24.83    0.40   27.00    1.39   29.06    0.92   28.41    1.90
1992   2   26.68    0.71   27.67    1.31   29.02    1.02   28.63    1.94
1992   3   27.76    1.40   28.33    1.24   29.08    0.99   28.83    1.69
1992   4   27.68    2.34   28.72    1.31   29.42    1.01   29.14    1.46
1992   5   26.31    2.06   28.43    1.37   29.46    0.82   28.99    1.23
1992   6   23.82    0.87   26.66    0.28   29.31    0.67   28.02    0.52
1992   7   21.95    0.15   25.53   -0.05   29.35    0.78   27.53    0.45
1992   8   20.55   -0.23   24.70   -0.25   28.90    0.45   26.64   -0.06
1992   9   20.06   -0.39   24.52   -0.31   28.79    0.30   26.48   -0.16
1992  10   20.82   -0.06   24.62   -0.27   28.69    0.28   26.34   -0.26
1992  11   21.49   -0.15   24.79   -0.17   28.70    0.34   26.51   -0.01
1992  12   22.48   -0.32   25.01   -0.08   28.76    0.48   26.73    0.25
1993   1   24.43    0.00   25.56   -0.05   28.60    0.46   26.69    0.18
1993   2   26.49    0.53   26.61    0.25   28.41    0.40   26.97    0.28
1993   3   27.17    0.81   27.54    0.46   28.60    0.50   27.66    0.52
1993   4   26.44    1.10   28.45    1.04   28.93    0.53   28.59    0.90
1993   5   25.15    0.91   28.16    1.10   29.13    0.48   28.82    1.06
1993   6   23.76    0.80   27.11    0.74   29.17    0.53   28.28    0.79
1993   7   22.06    0.26   25.77    0.19   29.20    0.62   27.55    0.48
1993   8   21.05    0.27   24.93   -0.02   28.94    0.49   26.84    0.14
1993   9   20.83    0.39   24.97    0.14   29.07    0.59   26.92    0.28
1993  10   20.99    0.11   25.21    0.33   28.90    0.50   26.93    0.33
1993  11   21.64   -0.01   25.17    0.21   28.97    0.61   26.91    0.39
1993  12   22.75   -0.05   25.32    0.23   28.90    0.62   26.76    0.29
1994   1   24.32   -0.10   25.71    0.09   28.47    0.33   26.60    0.08
1994   2   25.79   -0.18   26.07   -0.29   28.07    0.06   26.59   -0.10
1994   3   25.43   -0.93   26.89   -0.20   28.26    0.16   27.27    0.13
1994   4   24.32   -1.02   27.06   -0.35   28.62    0.21   27.90    0.22
1994   5   23.22   -1.02   26.97   -0.09   29.00    0.36   28.04    0.28
1994   6   22.43   -0.52   26.50    0.13   29.18    0.54   27.99    0.49
1994   7   21.21   -0.59   25.19   -0.39   29.40    0.82   27.35    0.28
1994   8   19.70   -1.09   24.71   -0.24   29.46    1.01   27.35    0.65
1994   9   20.16   -0.28   24.81   -0.02   29.23    0.75   27.00    0.36
1994  10   21.53    0.64   25.53    0.65   29.45    1.04   27.49    0.90
1994  11   22.41    0.77   25.87    0.92   29.63    1.27   27.87    1.36
1994  12   23.61    0.82   26.07    0.98   29.50    1.22   27.87    1.40
1995   1   25.33    0.91   26.34    0.73   29.20    1.06   27.55    1.04
1995   2   26.43    0.46   26.87    0.51   29.01    1.01   27.45    0.76
1995   3   26.12   -0.25   27.08   -0.01   28.96    0.86   27.63    0.48
1995   4   24.47   -0.87   27.10   -0.30   28.89    0.48   27.93    0.25
1995   5   23.10   -1.14   26.40   -0.66   29.15    0.50   27.73   -0.04
1995   6   22.45   -0.50   26.20   -0.18   29.01    0.37   27.59    0.09
1995   7   21.23   -0.57   25.42   -0.17   28.78    0.21   27.01   -0.07
1995   8   20.01   -0.77   24.33   -0.62   28.43   -0.02   26.33   -0.38
1995   9   20.17   -0.27   24.02   -0.81   28.25   -0.23   25.96   -0.68
1995  10   20.15   -0.74   24.01   -0.88   28.07   -0.34   25.67   -0.93
1995  11   21.20   -0.44   24.03   -0.93   27.97   -0.39   25.66   -0.86
1995  12   22.02   -0.78   24.19   -0.89   28.07   -0.21   25.57   -0.91
1996   1   23.84   -0.58   24.96   -0.65   27.92   -0.22   25.74   -0.77
1996   2   25.71   -0.26   25.72   -0.64   27.57   -0.43   25.85   -0.85
1996   3   26.09   -0.28   26.71   -0.38   27.71   -0.38   26.62   -0.52
1996   4   23.85   -1.49   26.72   -0.68   28.07   -0.34   27.36   -0.32
1996   5   22.89   -1.35   26.33   -0.73   28.43   -0.22   27.37   -0.39
1996   6   21.56   -1.40   25.89   -0.49   28.55   -0.09   27.32   -0.17
1996   7   20.02   -1.77   25.35   -0.23   28.50   -0.08   27.09    0.01
1996   8   19.53   -1.25   24.60   -0.35   28.54    0.09   26.56   -0.14
1996   9   19.24   -1.20   24.37   -0.46   28.43   -0.06   26.35   -0.30
1996  10   19.95   -0.93   24.37   -0.52   28.42    0.01   26.24   -0.36
1996  11   20.26   -1.38   24.38   -0.57   28.33   -0.03   26.19   -0.32
1996  12   21.61   -1.18   24.20   -0.88   28.44    0.16   26.02   -0.45
1997   1   23.67   -0.75   24.70   -0.91   28.41    0.27   25.96   -0.55
1997   2   25.74   -0.23   25.75   -0.61   28.33    0.32   26.36   -0.33
1997   3   26.95    0.59   26.98   -0.11   28.52    0.43   27.03   -0.11
1997   4   26.64    1.30   27.59    0.18   29.32    0.91   28.03    0.34
1997   5   26.71    2.47   28.06    1.00   29.45    0.81   28.60    0.84
1997   6   26.27    3.31   28.14    1.76   29.40    0.76   28.94    1.45
1997   7   25.59    3.79   28.01    2.43   29.50    0.92   28.92    1.85
1997   8   24.80    4.01   27.84    2.89   29.26    0.80   28.84    2.14
1997   9   24.40    3.96   27.84    3.01   29.32    0.84   28.93    2.29
1997  10   24.58    3.69   28.17    3.29   29.32    0.91   29.23    2.64
1997  11   25.63    3.99   28.55    3.59   29.49    1.13   29.32    2.80
1997  12   26.92    4.13   28.76    3.68   29.32    1.04   29.26    2.78
1998   1   28.22    3.80   28.94    3.32   29.01    0.87   29.10    2.59
1998   2   28.98    3.01   28.93    2.57   28.87    0.86   28.86    2.17
1998   3   29.15    2.79   29.14    2.05   28.65    0.56   28.67    1.53
1998   4   28.61    3.28   29.09    1.68   28.53    0.13   28.56    0.87
1998   5   27.69    3.45   28.17    1.11   28.71    0.06   28.47    0.71
1998   6   25.18    2.22   26.00   -0.37   28.61   -0.03   26.72   -0.78
1998   7   23.43    1.63   25.24   -0.35   28.07   -0.50   25.94   -1.14
1998   8   21.77    0.98   24.63   -0.33   27.77   -0.68   25.49   -1.22
1998   9   20.87    0.43   24.19   -0.64   27.88   -0.60   25.61   -1.04
1998  10   21.16    0.27   24.06   -0.83   27.33   -1.07   25.34   -1.26
1998  11   21.43   -0.21   24.11   -0.85   27.23   -1.13   25.18   -1.33
1998  12   22.56   -0.24   23.86   -1.22   27.11   -1.17   24.79   -1.69
1999   1   23.73   -0.69   24.41   -1.21   26.59   -1.55   24.90   -1.61
1999   2   25.64   -0.33   25.57   -0.79   26.52   -1.49   25.41   -1.28
1999   3   26.62    0.26   26.67   -0.41   26.90   -1.19   26.25   -0.89
1999   4   24.30   -1.03   26.66   -0.74   27.35   -1.06   26.84   -0.84
1999   5   23.46   -0.78   26.44   -0.61   27.87   -0.78   26.97   -0.79
1999   6   21.83   -1.12   25.59   -0.78   28.01   -0.63   26.60   -0.90
1999   7   20.44   -1.36   24.85   -0.73   27.92   -0.65   26.35   -0.73
1999   8   19.75   -1.04   24.02   -0.93   27.73   -0.72   25.59   -1.12
1999   9   19.23   -1.21   23.72   -1.10   27.82   -0.66   25.71   -0.94
1999  10   20.05   -0.84   23.75   -1.14   27.85   -0.56   25.64   -0.96
1999  11   20.51   -1.14   23.46   -1.50   27.56   -0.80   25.12   -1.39
1999  12   21.72   -1.07   23.54   -1.54   27.23   -1.05   24.90   -1.57
2000   1   23.86   -0.65   23.88   -1.73   26.96   -1.18   24.65   -1.86
2000   2   25.71   -0.32   25.31   -1.05   26.66   -1.35   25.19   -1.51
2000   3   26.19   -0.29   26.61   -0.47   26.76   -1.34   26.08   -1.06
2000   4   25.84    0.36   27.46    0.06   27.37   -1.03   27.01   -0.67
2000   5   24.10   -0.23   26.80   -0.26   27.81   -0.84   27.12   -0.64
2000   6   22.25   -0.77   25.84   -0.54   28.11   -0.53   27.03   -0.46
2000   7   20.59   -1.23   25.13   -0.45   28.20   -0.37   26.72   -0.36
2000   8   20.10   -0.70   24.47   -0.49   28.32   -0.13   26.45   -0.25
2000   9   19.94   -0.54   24.35   -0.48   28.44   -0.04   26.21   -0.43
2000  10   20.37   -0.54   24.41   -0.49   28.17   -0.24   25.96   -0.63
2000  11   20.60   -1.05   24.17   -0.79   28.09   -0.27   25.78   -0.74
2000  12   22.22   -0.62   24.43   -0.66   27.60   -0.67   25.59   -0.88
2001   1   23.88   -0.63   24.99   -0.63   27.50   -0.65   25.74   -0.77
2001   2   25.91   -0.11   26.06   -0.30   27.27   -0.73   26.11   -0.58
2001   3   27.44    0.97   27.23    0.14   27.62   -0.47   26.84   -0.30
2001   4   26.69    1.21   27.52    0.12   28.19   -0.22   27.52   -0.16
2001   5   23.77   -0.56   26.89   -0.17   28.64   -0.02   27.60   -0.16
2001   6   21.74   -1.29   26.35   -0.03   28.83    0.19   27.68    0.19
2001   7   20.88   -0.94   25.43   -0.14   29.06    0.49   27.32    0.24
2001   8   19.90   -0.90   24.72   -0.24   28.96    0.51   26.87    0.17
2001   9   19.39   -1.10   24.27   -0.57   29.14    0.66   26.55   -0.09
2001  10   19.52   -1.39   24.45   -0.45   29.01    0.60   26.59   -0.00
2001  11   20.49   -1.16   24.35   -0.61   28.96    0.59   26.45   -0.07
2001  12   21.96   -0.88   24.60   -0.48   28.60    0.33   26.17   -0.30
2002   1   23.64   -0.87   25.09   -0.53   28.81    0.67   26.50   -0.02
2002   2   26.06    0.03   26.21   -0.15   28.76    0.75   26.95    0.25
2002   3   27.53    1.05   27.22    0.14   28.68    0.59   27.32    0.17
2002   4   26.53    1.05   27.56    0.16   29.09    0.68   27.94    0.26
2002   5   24.80    0.47   27.24    0.19   29.45    0.79   28.15    0.39
2002   6   22.67   -0.36   27.06    0.68   29.63    0.99   28.43    0.94
2002   7   21.01   -0.81   26.03    0.46   29.49    0.92   27.98    0.90
2002   8   19.94   -0.86   25.47    0.51   29.40    0.95   27.79    1.08
2002   9   19.89   -0.60   25.54    0.70   29.44    0.96   27.83    1.19
2002  10   21.16    0.25   25.85    0.95   29.56    1.14   28.05    1.46
2002  11   22.25    0.60   26.37    1.41   29.83    1.47   28.27    1.75
2002  12   23.44    0.60   26.48    1.40   29.49    1.22   28.09    1.62
2003   1   24.38   -0.13   26.38    0.76   29.25    1.10   27.76    1.24
2003   2   25.81   -0.22   26.70    0.34   29.03    1.02   27.49    0.80
2003   3   25.97   -0.50   27.28    0.19   29.03    0.93   27.81    0.66
2003   4   24.44   -1.04   27.15   -0.25   28.96    0.56   27.81    0.13
2003   5   22.49   -1.84   26.14   -0.92   28.92    0.27   27.37   -0.39
2003   6   21.58   -1.45   25.83   -0.54   29.09    0.45   27.48   -0.01
2003   7   20.75   -1.06   25.75    0.17   29.11    0.54   27.43    0.35
2003   8   20.14   -0.66   25.04    0.08   29.05    0.60   26.85    0.15
2003   9   20.00   -0.48   24.97    0.14   29.02    0.54   26.96    0.32
2003  10   20.99    0.08   25.33    0.43   29.22    0.81   27.19    0.60
2003  11   21.92    0.27   25.40    0.45   29.31    0.95   27.05    0.53
2003  12   22.99    0.15   25.56    0.47   29.02    0.75   26.89    0.42
2004   1   24.60    0.09   25.92    0.30   28.83    0.68   26.74    0.23
2004   2   25.81   -0.22   26.46    0.10   28.59    0.58   26.86    0.17
2004   3   25.94   -0.54   27.16    0.08   28.43    0.34   27.10   -0.05
2004   4   25.32   -0.16   27.37   -0.03   28.75    0.34   27.84    0.17
2004   5   23.05   -1.28   26.72   -0.34   29.16    0.51   28.06    0.29
2004   6   21.60   -1.43   26.27   -0.11   29.17    0.54   27.76    0.27
2004   7   20.71   -1.11   25.41   -0.17   29.39    0.81   27.69    0.61
2004   8   19.62   -1.18   25.05    0.09   29.31    0.86   27.54    0.83
2004   9   20.07   -0.42   25.17    0.33   29.60    1.11   27.47    0.83
2004  10   20.92    0.01   25.32    0.43   29.55    1.14   27.38    0.79
2004  11   21.96    0.31   25.46    0.51   29.57    1.21   27.31    0.79
2004  12   22.94    0.10   25.77    0.68   29.40    1.13   27.31    0.84
2005   1   24.47   -0.04   25.89    0.27   29.21    1.07   27.10    0.59
2005   2   25.49   -0.54   26.20   -0.16   28.83    0.82   26.96    0.27
2005   3   25.60   -0.88   27.01   -0.07   28.91    0.81   27.55    0.40
2005   4   24.90   -0.58   27.77    0.37   28.96    0.55   28.07    0.39
2005   5   24.40    0.07   27.48    0.42   29.18    0.53   28.20    0.44
2005   6   22.47   -0.56   26.81    0.43   29.18    0.55   28.05    0.56
2005   7   21.18   -0.64   25.93    0.35   29.05    0.48   27.47    0.39
2005   8   20.61   -0.19   25.19    0.23   28.86    0.41   26.88    0.17
2005   9   19.71   -0.77   24.57   -0.27   28.84    0.36   26.63   -0.01
2005  10   19.72   -1.19   24.69   -0.21   28.89    0.48   26.75    0.16
2005  11   20.62   -1.03   24.28   -0.68   28.67    0.31   26.34   -0.18
2005  12   22.29   -0.55   24.28   -0.81   28.35    0.08   25.89   -0.58
2006   1   24.33   -0.18   25.00   -0.62   27.68   -0.46   25.64   -0.87
2006   2   26.46    0.43   26.08   -0.28   27.39   -0.62   26.08   -0.61
2006   3   26.77    0.29   26.54   -0.55   27.79   -0.30   26.57   -0.58
2006   4   24.15   -1.33   27.25   -0.15   28.38   -0.03   27.59   -0.09
2006   5   23.86   -0.47   27.04   -0.02   28.91    0.26   27.91    0.15
2006   6   22.77   -0.26   26.44    0.06   29.15    0.52   27.85    0.35
2006   7   22.19    0.37   25.80    0.22   29.07    0.50   27.35    0.27
2006   8   21.59    0.79   25.45    0.49   29.22    0.77   27.22    0.51
2006   9   21.43    0.94   25.74    0.91   29.40    0.92   27.34    0.70
2006  10   22.22    1.31   25.96    1.07   29.44    1.03   27.47    0.88
2006  11   22.69    1.04   26.07    1.12   29.63    1.26   27.73    1.21
2006  12   23.45    0.61   26.36    1.28   29.47    1.20   27.76    1.29
2007   1   24.99    0.48   26.50    0.88   28.93    0.79   27.26    0.74
2007   2   26.24    0.21   26.45    0.09   28.62    0.61   26.81    0.12
2007   3   25.74   -0.73   26.79   -0.30   28.57    0.48   27.18    0.03
2007   4   24.30   -1.18   27.13   -0.27   28.70    0.30   27.78    0.10
2007   5   22.73   -1.60   26.35   -0.70   28.86    0.21   27.57   -0.19
2007   6   21.59   -1.44   25.83   -0.55   28.98    0.34   27.55    0.06
2007   7   20.27   -1.55   24.79   -0.79   28.81    0.24   26.79   -0.29
2007   8   19.16   -1.64   23.86   -1.10   28.58    0.12   26.20   -0.50
2007   9   18.57   -1.92   23.52   -1.31   28.12   -0.36   25.77   -0.87
2007  10   18.80   -2.11   23.36   -1.54   27.86   -0.55   25.22   -1.38
2007  11   19.49   -2.16   23.17   -1.78   27.42   -0.94   25.06   -1.45
2007  12   21.02   -1.82   23.59   -1.50   27.30   -0.97   24.97   -1.50
2008   1   23.86   -0.66   24.13   -1.49   26.62   -1.52   24.71   -1.81
2008   2   26.32    0.30   25.05   -1.31   26.43   -1.58   24.83   -1.86
2008   3   27.30    0.82   26.56   -0.53   26.84   -1.26   26.07   -1.08
2008   4   25.89    0.41   27.18   -0.22   27.44   -0.97   26.83   -0.85
2008   5   24.41    0.08   27.08    0.02   27.90   -0.76   27.18   -0.58
2008   6   23.55    0.52   26.53    0.15   28.08   -0.55   27.17   -0.32
2008   7   22.63    0.82   26.12    0.55   28.25   -0.32   27.19    0.11
2008   8   21.79    0.99   25.63    0.67   28.18   -0.27   26.85    0.14
2008   9   21.19    0.70   25.09    0.26   28.14   -0.35   26.44   -0.20
2008  10   20.75   -0.16   24.79   -0.10   28.29   -0.12   26.33   -0.26
2008  11   21.44   -0.20   24.75   -0.20   28.08   -0.28   26.30   -0.22
2008  12   22.43   -0.41   24.60   -0.49   27.72   -0.55   25.74   -0.73
2009   1   24.42   -0.09   25.03   -0.59   27.42   -0.73   25.54   -0.97
2009   2   26.03    0.01   25.85   -0.51   27.37   -0.64   26.04   -0.65
2009   3   26.38   -0.10   26.44   -0.64   27.79   -0.30   26.67   -0.48
2009   4   25.98    0.50   27.39   -0.01   28.37   -0.04   27.50   -0.18
2009   5   24.83    0.50   27.40    0.35   28.99    0.33   28.03    0.27
2009   6   23.73    0.70   27.12    0.74   29.20    0.57   28.11    0.62
2009   7   22.63    0.81   26.56    0.99   29.21    0.63   27.94    0.86
2009   8   21.64    0.84   25.94    0.98   29.21    0.76   27.53    0.82
2009   9   20.82    0.33   25.66    0.82   29.28    0.79   27.47    0.83
2009  10   20.96    0.05   25.73    0.83   29.65    1.24   27.63    1.04
2009  11   22.11    0.46   26.23    1.28   29.88    1.52   28.19    1.67
2009  12   23.16    0.32   26.67    1.58   29.67    1.40   28.30    1.82
2010   1   24.82    0.30   26.63    1.01   29.51    1.36   28.07    1.56
2010   2   26.08    0.05   27.12    0.76   29.10    1.09   27.94    1.25
2010   3   26.24   -0.24   27.73    0.65   29.21    1.12   28.29    1.14
2010   4   26.05    0.57   28.05    0.65   29.25    0.84   28.36    0.68
2010   5   24.28   -0.05   26.97   -0.09   29.03    0.37   27.68   -0.09
2010   6   22.60   -0.43   25.75   -0.63   28.64   -0.00   27.00   -0.50
2010   7   20.08   -1.74   24.53   -1.04   28.09   -0.48   26.09   -0.98
2010   8   19.27   -1.53   23.87   -1.09   27.47   -0.98   25.50   -1.20
2010   9   18.89   -1.59   23.59   -1.24   27.13   -1.35   25.08   -1.56
