# fichier palette genere automatiquement par -palout
# les   20 premieres couleurs sont reservees
  0      1.0000    1.0000    1.0000
  1      0.0000    0.0000    0.0000
  2      0.5020    0.5020    0.5020
  3      0.5000    0.5000    0.5000
  4      1.0000    1.0000    1.0000
  5      0.0000    0.0000    0.0000
  6      0.0000    0.0000    0.0000
  7      0.0000    0.0000    0.0000
  8      0.0000    0.0000    0.0000
  9      0.0000    0.0000    0.0000
 10      0.0000    0.0000    0.0000
 11      0.0000    0.0000    0.0000
 12      0.0000    0.0000    0.0000
 13      0.0000    0.0000    0.0000
 14      0.0000    0.0000    0.0000
 15      0.0000    0.0000    0.0000
 16      0.0000    0.0000    0.0000
 17      0.0000    0.0000    0.0000
 18      0.0000    0.0000    0.0000
 19      0.0000    0.0000    0.0000
# Les couleurs suivantes sont les couleurs pour les donnees
 20      0.0000    0.0000    0.4000
 21      0.0000    0.0000    0.6000
 22      0.0000    0.2000    1.0000
 23      0.0000    0.4000    1.0000
 24      0.0000    0.6000    1.0000
 25      0.0000    0.8000    1.0000
 26      0.0000    1.0000    1.0000
 27      0.2000    1.0000    1.0000
 28      0.4000    1.0000    0.8000
 29      1.0000    1.0000    1.0000
 30      1.0000    1.0000    1.0000
 31      1.0000    1.0000    0.2000
 32      1.0000    1.0000    0.0000
 33      1.0000    0.8000    0.0000
 34      1.0000    0.6000    0.0000
 35      1.0000    0.4000    0.0000
 36      1.0000    0.2000    0.0000
 37      0.6000    0.0000    0.0000
 38      0.4000    0.0000    0.0000
 39      0.0000    0.0000    0.0000
