(STAND TAHITI - STAND DARWIN)  SEA LEVEL PRESS                                  
                        ANOMALY                                                 
                                                                                
YEAR   JAN   FEB   MAR   APR   MAY   JUN   JUL   AUG   SEP   OCT   NOV   DEC    
1951   2.7   1.0  -1.3  -1.1  -1.7  -0.5  -2.3  -1.2  -2.1  -2.3  -1.6  -1.6
1952  -2.0  -1.8   0.0  -0.9   1.0   0.8   0.7  -0.7  -0.4   0.3  -0.3  -2.6
1953   0.4  -1.6  -1.4  -0.1  -3.6  -0.5  -0.2  -3.1  -2.4  -0.3  -0.7  -1.1
1954   1.0  -1.2  -0.5   0.6   0.4  -0.5   0.4   1.3   0.3   0.1   0.2   2.4
1955  -1.1   2.9   0.1  -0.8   1.4   1.7   2.7   2.0   2.5   2.5   2.2   1.7
1956   2.3   2.4   1.5   1.2   2.2   1.3   1.7   1.5   0.0   3.0   0.1   1.7
1957   1.0  -0.8  -0.6   0.0  -1.7  -0.4   0.1  -1.7  -1.8  -0.3  -2.0  -0.9
1958  -3.8  -1.6  -0.5   0.2  -1.5  -0.2   0.4   1.0  -0.7  -0.4  -1.0  -1.4
1959  -2.0  -3.2   1.4   0.3   0.4  -0.9  -0.8  -0.9  -0.0   0.5   1.6   1.4
1960   0.0  -0.4   0.9   1.0   0.5  -0.5   0.6   0.8   1.1  -0.2   0.9   1.3
1961  -0.7   1.1  -4.5   1.1   0.2  -0.5   0.2  -0.4   0.1  -1.1   0.9   2.6
1962   3.6  -1.1  -0.7  -0.1   1.6   0.6  -0.2   0.6   0.8   1.4   0.4   0.1
1963   1.8   0.6   1.1   1.0   0.2  -1.6  -0.5  -0.8  -1.1  -2.7  -1.7  -2.6
1964  -0.9  -0.5   1.1   1.7  -0.1   0.7   0.7   2.2   2.3   2.0   0.1  -0.9
1965  -1.1   0.1   0.4  -1.4  -0.2  -1.7  -3.6  -2.0  -2.5  -2.0  -2.9   0.0
1966  -2.8  -1.1  -2.8  -0.8  -1.1  -0.0  -0.2   0.5  -0.4  -0.6  -0.2  -1.0
1967   3.0   2.6   1.3  -0.4  -0.5   0.6   0.0   0.7   1.0  -0.3  -1.0  -1.4
1968   0.6   1.8  -0.8  -0.4   1.9   1.4   1.0  -0.2  -0.5  -0.5  -0.7   0.1
1969  -3.2  -1.8  -0.2  -1.1  -0.9  -0.3  -1.2  -0.9  -2.0  -2.2  -0.3   0.5
1970  -2.3  -2.7   0.1  -0.6   0.2   1.2  -1.0   0.4   2.1   1.5   2.8   3.3
1971   0.4   3.1   3.4   2.8   1.2   0.2   0.1   2.2   2.7   2.8   0.9   0.1
1972   0.6   1.4   0.1  -0.6  -3.4  -1.8  -3.1  -1.6  -2.6  -2.0  -0.7  -2.6
1973  -0.8  -3.2   0.3  -0.3   0.4   1.3   0.9   1.7   2.3   1.0   4.7   3.2
1974   4.3   3.2   3.6   1.4   1.4   0.1   1.9   0.8   2.0   1.3  -0.5  -0.0
1975  -1.3   1.0   1.9   1.7   0.8   1.8   3.4   3.1   3.9   2.8   2.1   3.7
1976   2.4   2.6   2.2   0.2   0.3  -0.2  -1.9  -2.2  -2.2   0.4   1.1  -1.0
1977  -1.1   1.7  -2.1  -1.3  -1.4  -2.5  -2.5  -2.2  -1.6  -2.3  -2.5  -2.3
1978  -0.7  -5.7  -1.3  -1.0   2.1   0.5   0.7   0.0   0.1  -1.2  -0.2  -0.4
1979  -1.1   1.3  -0.8  -0.7   0.5   0.6   2.2  -1.0   0.2  -0.6  -1.0  -1.6
1980   0.5  -0.0  -2.0  -1.7  -0.5  -0.7  -0.4   0.0  -0.9  -0.4  -0.8  -0.5
1981   0.4  -1.0  -3.4  -0.7   1.1   1.7   1.2   0.6   0.6  -1.2   0.1   0.7
1982   2.2  -0.1   0.1  -0.3  -1.1  -2.6  -3.2  -4.0  -3.3  -3.6  -5.1  -4.6
1983  -6.9  -7.6  -5.6  -2.2   0.7  -0.5  -1.3  -0.3   1.7   0.4  -0.3  -0.2
1984   0.2   0.9  -1.5   0.3  -0.1  -1.3   0.1   0.1   0.2  -1.0   0.4  -0.7
1985  -0.7   1.7   0.3   1.7   0.3  -1.5  -0.4   1.1  -0.1  -1.2  -0.5   0.2
1986   1.5  -2.7  -0.1   0.1  -0.9   1.1   0.2  -1.6  -1.0   0.9  -2.5  -3.0
1987  -1.5  -3.1  -3.3  -3.0  -2.8  -2.8  -2.8  -2.5  -1.9  -1.1  -0.2  -1.2
1988  -0.3  -1.4   0.1  -0.1   1.3  -0.4   1.7   2.2   3.4   2.2   3.0   2.1
1989   2.7   1.8   1.0   2.6   1.9   0.8   1.4  -1.3   0.9   1.0  -0.6  -1.2
1990  -0.4  -3.9  -1.9  -0.1   1.8  -0.1   0.8  -1.0  -1.3   0.1  -1.1  -0.7
1991   1.0  -0.1  -2.2  -1.7  -2.4  -0.9  -0.2  -1.4  -2.9  -2.4  -1.4  -3.7
1992  -5.6  -2.3  -4.8  -2.3   0.1  -1.9  -1.3  -0.0   0.0  -3.2  -1.4  -1.4
1993  -2.0  -2.1  -1.8  -2.6  -1.0  -2.2  -1.8  -2.4  -1.3  -2.5  -0.3   0.1
1994  -0.5  -0.1  -2.2  -2.9  -1.7  -1.5  -2.9  -3.0  -3.0  -2.6  -1.2  -2.6
1995  -1.0  -0.8   0.4  -1.8  -1.2  -0.4   0.6  -0.1   0.5  -0.5  -0.1  -1.3
1996   1.7  -0.2   1.2   1.1   0.2   1.6   1.0   0.7   1.0   0.7  -0.3   1.3
1997   0.8   2.6  -1.9  -1.4  -3.0  -3.2  -1.7  -3.4  -2.6  -3.1  -2.3  -2.1
1998  -5.4  -4.4  -5.7  -3.2   0.1   1.2   2.0   1.6   2.0   1.6   1.7   2.3
1999   3.2   1.2   1.4   2.2   0.1  -0.1   0.8   0.1  -0.1   1.5   1.8   2.5
2000   1.1   2.6   1.6   1.9   0.3  -1.0  -0.7   0.6   1.7   1.6   3.3   1.1
2001   1.8   2.4   0.8  -0.1  -1.4  -0.1  -0.7  -1.6   0.3  -0.6   1.2  -1.9
2002   0.7   1.5  -1.4  -0.6  -2.0  -1.1  -1.1  -2.6  -1.1  -1.2  -1.0  -2.4
2003  -0.6  -2.0  -1.6  -0.7  -1.0  -1.9   0.4  -0.5  -0.2  -0.5  -0.7   1.8
2004  -2.8   1.8  -0.3  -2.1   1.5  -2.2  -1.2  -1.2  -0.6  -0.5  -1.4  -1.8
2005   0.4  -6.7  -0.4  -1.6  -1.9   0.1   0.1  -1.3   0.7   1.9  -0.5  -0.3
2006   2.9  -0.3   2.3   1.5  -1.4  -1.1  -1.3  -2.7  -1.1  -2.7   0.1  -0.8
2007  -1.8  -0.7  -0.6  -0.6  -0.6   0.3  -0.8   0.1   0.3   0.9   1.4   2.9
2008   3.1   4.4   1.9   0.9  -0.5   0.5   0.3   1.3   2.4   2.2-999.9-999.9
2009-999.9-999.9-999.9-999.9-999.9-999.9-999.9-999.9-999.9-999.9-999.9-999.9
2010-999.9-999.9-999.9-999.9-999.9-999.9-999.9-999.9-999.9-999.9-999.9-999.9
2011-999.9-999.9-999.9-999.9-999.9-999.9-999.9-999.9-999.9-999.9-999.9-999.9
2012-999.9-999.9-999.9-999.9-999.9-999.9-999.9-999.9-999.9-999.9-999.9-999.9
2013-999.9-999.9-999.9-999.9-999.9-999.9-999.9-999.9-999.9-999.9-999.9-999.9
2014-999.9-999.9-999.9-999.9-999.9-999.9-999.9-999.9-999.9-999.9-999.9-999.9
2015-999.9-999.9-999.9-999.9-999.9-999.9-999.9-999.9-999.9-999.9-999.9-999.9
2016-999.9-999.9-999.9-999.9-999.9-999.9-999.9-999.9-999.9-999.9-999.9-999.9
2017-999.9-999.9-999.9-999.9-999.9-999.9-999.9-999.9-999.9-999.9-999.9-999.9
2018-999.9-999.9-999.9-999.9-999.9-999.9-999.9-999.9-999.9-999.9-999.9-999.9
2019-999.9-999.9-999.9-999.9-999.9-999.9-999.9-999.9-999.9-999.9-999.9-999.9
2020-999.9-999.9-999.9-999.9-999.9-999.9-999.9-999.9-999.9-999.9-999.9-999.9
(STAND TAHITI - STAND DARWIN)  SEA LEVEL PRESS                                  
                    STANDARDIZED    DATA                                        
                                                                                
YEAR   JAN   FEB   MAR   APR   MAY   JUN   JUL   AUG   SEP   OCT   NOV   DEC    
1951   1.7   0.6  -0.8  -0.6  -1.0  -0.3  -1.4  -0.7  -1.3  -1.4  -1.0  -1.0
1952  -1.2  -1.1   0.0  -0.5   0.6   0.5   0.4  -0.4  -0.3   0.2  -0.2  -1.6
1953   0.2  -1.0  -0.8  -0.1  -2.2  -0.3  -0.1  -1.9  -1.5  -0.2  -0.4  -0.7
1954   0.6  -0.7  -0.3   0.4   0.3  -0.3   0.3   0.8   0.2   0.1   0.1   1.5
1955  -0.7   1.8   0.1  -0.5   0.9   1.1   1.7   1.2   1.5   1.5   1.3   1.0
1956   1.4   1.5   0.9   0.7   1.3   0.8   1.1   0.9   0.0   1.9   0.1   1.0
1957   0.6  -0.5  -0.4   0.0  -1.0  -0.2   0.1  -1.0  -1.1  -0.2  -1.2  -0.5
1958  -2.3  -1.0  -0.3   0.1  -0.9  -0.2   0.3   0.6  -0.4  -0.2  -0.6  -0.9
1959  -1.2  -2.0   0.9   0.2   0.3  -0.6  -0.5  -0.6  -0.0   0.3   1.0   0.8
1960   0.0  -0.3   0.6   0.6   0.3  -0.3   0.4   0.5   0.7  -0.1   0.5   0.8
1961  -0.4   0.7  -2.7   0.7   0.1  -0.3   0.1  -0.2   0.1  -0.7   0.6   1.6
1962   2.2  -0.7  -0.4  -0.0   1.0   0.4  -0.1   0.3   0.5   0.9   0.3   0.0
1963   1.1   0.4   0.7   0.6   0.1  -1.0  -0.3  -0.5  -0.7  -1.6  -1.0  -1.6
1964  -0.5  -0.3   0.7   1.0  -0.1   0.4   0.4   1.3   1.4   1.3   0.0  -0.5
1965  -0.6   0.1   0.2  -0.8  -0.1  -1.0  -2.2  -1.2  -1.5  -1.2  -1.8   0.0
1966  -1.7  -0.7  -1.7  -0.5  -0.7  -0.0  -0.1   0.3  -0.3  -0.4  -0.1  -0.6
1967   1.9   1.6   0.8  -0.3  -0.3   0.3   0.0   0.5   0.6  -0.2  -0.6  -0.8
1968   0.4   1.1  -0.5  -0.2   1.1   0.9   0.6  -0.1  -0.3  -0.3  -0.5   0.0
1969  -2.0  -1.1  -0.1  -0.6  -0.6  -0.2  -0.7  -0.6  -1.2  -1.3  -0.2   0.3
1970  -1.4  -1.6   0.0  -0.4   0.1   0.7  -0.6   0.2   1.3   0.9   1.7   2.1
1971   0.3   1.9   2.1   1.7   0.7   0.1   0.1   1.3   1.6   1.7   0.5   0.0
1972   0.4   0.8   0.1  -0.4  -2.1  -1.1  -1.9  -1.0  -1.6  -1.2  -0.5  -1.6
1973  -0.5  -2.0   0.2  -0.2   0.2   0.8   0.5   1.1   1.4   0.6   2.9   2.0
1974   2.7   2.0   2.2   0.8   0.9   0.1   1.2   0.5   1.3   0.8  -0.3  -0.0
1975  -0.8   0.6   1.2   1.1   0.5   1.1   2.1   1.9   2.4   1.7   1.3   2.3
1976   1.5   1.6   1.3   0.1   0.2  -0.1  -1.2  -1.3  -1.4   0.2   0.7  -0.6
1977  -0.7   1.1  -1.3  -0.8  -0.9  -1.5  -1.5  -1.3  -1.0  -1.4  -1.6  -1.4
1978  -0.4  -3.5  -0.8  -0.6   1.3   0.3   0.4   0.0   0.0  -0.7  -0.1  -0.3
1979  -0.7   0.8  -0.5  -0.4   0.3   0.4   1.3  -0.6   0.1  -0.4  -0.6  -1.0
1980   0.3  -0.0  -1.2  -1.0  -0.3  -0.4  -0.2   0.0  -0.6  -0.3  -0.5  -0.3
1981   0.2  -0.6  -2.1  -0.4   0.7   1.0   0.8   0.4   0.4  -0.7   0.1   0.5
1982   1.3  -0.1   0.1  -0.2  -0.7  -1.6  -1.9  -2.5  -2.0  -2.2  -3.2  -2.8
1983  -4.2  -4.6  -3.4  -1.3   0.5  -0.3  -0.8  -0.2   1.0   0.3  -0.2  -0.1
1984   0.1   0.6  -0.9   0.2  -0.0  -0.8   0.0   0.0   0.1  -0.6   0.2  -0.4
1985  -0.5   1.0   0.2   1.0   0.2  -0.9  -0.3   0.7  -0.0  -0.7  -0.3   0.1
1986   0.9  -1.6  -0.0   0.1  -0.5   0.7   0.1  -1.0  -0.6   0.5  -1.5  -1.8
1987  -0.9  -1.9  -2.0  -1.9  -1.7  -1.7  -1.7  -1.5  -1.2  -0.7  -0.1  -0.7
1988  -0.2  -0.9   0.1  -0.1   0.8  -0.2   1.1   1.4   2.1   1.4   1.9   1.3
1989   1.7   1.1   0.6   1.6   1.2   0.5   0.8  -0.8   0.6   0.6  -0.4  -0.7
1990  -0.2  -2.4  -1.2  -0.0   1.1  -0.0   0.5  -0.6  -0.8   0.1  -0.7  -0.5
1991   0.6  -0.1  -1.4  -1.0  -1.5  -0.5  -0.2  -0.9  -1.8  -1.5  -0.8  -2.3
1992  -3.4  -1.4  -3.0  -1.4   0.0  -1.2  -0.8  -0.0   0.0  -1.9  -0.9  -0.9
1993  -1.2  -1.3  -1.1  -1.6  -0.6  -1.4  -1.1  -1.5  -0.8  -1.5  -0.2   0.0
1994  -0.3  -0.1  -1.4  -1.8  -1.0  -0.9  -1.8  -1.8  -1.8  -1.6  -0.7  -1.6
1995  -0.6  -0.5   0.2  -1.1  -0.7  -0.2   0.3  -0.1   0.3  -0.3  -0.0  -0.8
1996   1.0  -0.1   0.7   0.6   0.1   1.0   0.6   0.4   0.6   0.4  -0.2   0.8
1997   0.5   1.6  -1.1  -0.9  -1.8  -2.0  -1.0  -2.1  -1.6  -1.9  -1.4  -1.3
1998  -3.3  -2.7  -3.5  -1.9   0.1   0.7   1.3   1.0   1.2   1.0   1.1   1.4
1999   2.0   0.8   0.9   1.4   0.1  -0.1   0.5   0.1  -0.1   0.9   1.1   1.5
2000   0.7   1.6   1.0   1.2   0.2  -0.6  -0.4   0.4   1.0   1.0   2.0   0.7
2001   1.1   1.5   0.5  -0.1  -0.8  -0.1  -0.4  -1.0   0.2  -0.4   0.7  -1.2
2002   0.4   0.9  -0.9  -0.4  -1.2  -0.7  -0.7  -1.6  -0.7  -0.7  -0.6  -1.4
2003  -0.4  -1.2  -1.0  -0.4  -0.6  -1.1   0.2  -0.3  -0.1  -0.3  -0.4   1.1
2004  -1.7   1.1  -0.2  -1.3   0.9  -1.3  -0.7  -0.8  -0.4  -0.3  -0.9  -1.1
2005   0.3  -4.1  -0.2  -1.0  -1.2   0.1   0.0  -0.8   0.4   1.1  -0.3  -0.2
2006   1.8  -0.2   1.4   0.9  -0.8  -0.7  -0.8  -1.6  -0.7  -1.7   0.1  -0.5
2007  -1.1  -0.5  -0.4  -0.4  -0.4   0.2  -0.5   0.1   0.2   0.6   0.9   1.8
2008   1.9   2.7   1.1   0.6  -0.3   0.3   0.2   0.8   1.5   1.3-999.9-999.9
2009-999.9-999.9-999.9-999.9-999.9-999.9-999.9-999.9-999.9-999.9-999.9-999.9
2010-999.9-999.9-999.9-999.9-999.9-999.9-999.9-999.9-999.9-999.9-999.9-999.9
2011-999.9-999.9-999.9-999.9-999.9-999.9-999.9-999.9-999.9-999.9-999.9-999.9
2012-999.9-999.9-999.9-999.9-999.9-999.9-999.9-999.9-999.9-999.9-999.9-999.9
2013-999.9-999.9-999.9-999.9-999.9-999.9-999.9-999.9-999.9-999.9-999.9-999.9
2014-999.9-999.9-999.9-999.9-999.9-999.9-999.9-999.9-999.9-999.9-999.9-999.9
2015-999.9-999.9-999.9-999.9-999.9-999.9-999.9-999.9-999.9-999.9-999.9-999.9
2016-999.9-999.9-999.9-999.9-999.9-999.9-999.9-999.9-999.9-999.9-999.9-999.9
2017-999.9-999.9-999.9-999.9-999.9-999.9-999.9-999.9-999.9-999.9-999.9-999.9
2018-999.9-999.9-999.9-999.9-999.9-999.9-999.9-999.9-999.9-999.9-999.9-999.9
2019-999.9-999.9-999.9-999.9-999.9-999.9-999.9-999.9-999.9-999.9-999.9-999.9
2020-999.9-999.9-999.9-999.9-999.9-999.9-999.9-999.9-999.9-999.9-999.9-999.9
